Eph = 

           PRN: 32
           mjd: 5.758741666666651e+04
           TOC: 5.758741666666651e+04
        alpha0: -5.183462053537000e-05
        alpha1: -1.080024958355000e-11
        alpha2: 0
         const: 'G'
          IODE: 35
           crs: -24.125000000000000
       delta_n: 4.790199348292000e-09
            M0: -1.041988166235000
           cuc: -1.166015863419000e-06
             e: 5.927117308602000e-04
           cus: 7.813796401024000e-06
        sqrt_a: 5.153623252869000e+03
           TOE: 122400
           cic: -1.490116119385000e-08
         OMEGA: -1.078023737204000
           cis: 4.097819328308000e-08
            i0: 0.959066429240700
           crc: 2.281562500000000e+02
         omega: -2.281824616800000
     OMEGA_DOT: -8.002833062903000e-09
          IDOT: -4.139458220642000e-10
       code_L2: 1
        gps_wk: 1906
          L2_P: 0
        sv_acc: 2
     sv_health: 0
           TGD: 4.656612873077000e-10
          IODC: 35
    trans_time: 115140

